**************
Input 1
**************
START
-----
1	2	0	4	
6	7	11	3	
5	9	12	8	
13	10	14	15	
-----
LEFT
-----
1	0	2	4	
6	7	11	3	
5	9	12	8	
13	10	14	15	
-----
LEFT
-----
0	1	2	4	
6	7	11	3	
5	9	12	8	
13	10	14	15	
-----
DOWN
-----
6	1	2	4	
0	7	11	3	
5	9	12	8	
13	10	14	15	
-----
DOWN
-----
6	1	2	4	
5	7	11	3	
0	9	12	8	
13	10	14	15	
-----
RIGHT
-----
6	1	2	4	
5	7	11	3	
9	0	12	8	
13	10	14	15	
-----
RIGHT
-----
6	1	2	4	
5	7	11	3	
9	12	0	8	
13	10	14	15	
-----
RIGHT
-----
6	1	2	4	
5	7	11	3	
9	12	8	0	
13	10	14	15	
-----
DOWN
-----
6	1	2	4	
5	7	11	3	
9	12	8	15	
13	10	14	0	
-----
LEFT
-----
6	1	2	4	
5	7	11	3	
9	12	8	15	
13	10	0	14	
-----
LEFT
-----
6	1	2	4	
5	7	11	3	
9	12	8	15	
13	0	10	14	
-----
UP
-----
6	1	2	4	
5	7	11	3	
9	0	8	15	
13	12	10	14	
-----
LEFT
-----
6	1	2	4	
5	7	11	3	
0	9	8	15	
13	12	10	14	
-----
DOWN
-----
6	1	2	4	
5	7	11	3	
13	9	8	15	
0	12	10	14	
-----
RIGHT
-----
6	1	2	4	
5	7	11	3	
13	9	8	15	
12	0	10	14	
-----
UP
-----
6	1	2	4	
5	7	11	3	
13	0	8	15	
12	9	10	14	
-----
RIGHT
-----
6	1	2	4	
5	7	11	3	
13	8	0	15	
12	9	10	14	
-----
UP
-----
6	1	2	4	
5	7	0	3	
13	8	11	15	
12	9	10	14	
-----
RIGHT
-----
6	1	2	4	
5	7	3	0	
13	8	11	15	
12	9	10	14	
-----
UP
-----
6	1	2	0	
5	7	3	4	
13	8	11	15	
12	9	10	14	
-----
LEFT
-----
6	1	0	2	
5	7	3	4	
13	8	11	15	
12	9	10	14	
-----
LEFT
-----
6	0	1	2	
5	7	3	4	
13	8	11	15	
12	9	10	14	
-----
LEFT
-----
0	6	1	2	
5	7	3	4	
13	8	11	15	
12	9	10	14	
-----
DOWN
-----
5	6	1	2	
0	7	3	4	
13	8	11	15	
12	9	10	14	
-----
DOWN
-----
5	6	1	2	
13	7	3	4	
0	8	11	15	
12	9	10	14	
-----
RIGHT
-----
5	6	1	2	
13	7	3	4	
8	0	11	15	
12	9	10	14	
-----
UP
-----
5	6	1	2	
13	0	3	4	
8	7	11	15	
12	9	10	14	
-----
UP
-----
5	0	1	2	
13	6	3	4	
8	7	11	15	
12	9	10	14	
-----
RIGHT
-----
5	1	0	2	
13	6	3	4	
8	7	11	15	
12	9	10	14	
-----
DOWN
-----
5	1	3	2	
13	6	0	4	
8	7	11	15	
12	9	10	14	
-----
DOWN
-----
5	1	3	2	
13	6	11	4	
8	7	0	15	
12	9	10	14	
-----
LEFT
-----
5	1	3	2	
13	6	11	4	
8	0	7	15	
12	9	10	14	
-----
DOWN
-----
5	1	3	2	
13	6	11	4	
8	9	7	15	
12	0	10	14	
-----
LEFT
-----
5	1	3	2	
13	6	11	4	
8	9	7	15	
0	12	10	14	
-----
UP
-----
5	1	3	2	
13	6	11	4	
0	9	7	15	
8	12	10	14	
-----
UP
-----
5	1	3	2	
0	6	11	4	
13	9	7	15	
8	12	10	14	
-----
RIGHT
-----
5	1	3	2	
6	0	11	4	
13	9	7	15	
8	12	10	14	
-----
DOWN
-----
5	1	3	2	
6	9	11	4	
13	0	7	15	
8	12	10	14	
-----
LEFT
-----
5	1	3	2	
6	9	11	4	
0	13	7	15	
8	12	10	14	
-----
DOWN
-----
5	1	3	2	
6	9	11	4	
8	13	7	15	
0	12	10	14	
-----
RIGHT
-----
5	1	3	2	
6	9	11	4	
8	13	7	15	
12	0	10	14	
-----
RIGHT
-----
5	1	3	2	
6	9	11	4	
8	13	7	15	
12	10	0	14	
-----
RIGHT
-----
5	1	3	2	
6	9	11	4	
8	13	7	15	
12	10	14	0	
-----
UP
-----
5	1	3	2	
6	9	11	4	
8	13	7	0	
12	10	14	15	
-----
LEFT
-----
5	1	3	2	
6	9	11	4	
8	13	0	7	
12	10	14	15	
-----
UP
-----
5	1	3	2	
6	9	0	4	
8	13	11	7	
12	10	14	15	
-----
UP
-----
5	1	0	2	
6	9	3	4	
8	13	11	7	
12	10	14	15	
-----
RIGHT
-----
5	1	2	0	
6	9	3	4	
8	13	11	7	
12	10	14	15	
-----
-----
5	1	2	4	
6	9	3	0	
8	13	11	7	
12	10	14	15	
-----
LEFT
-----
5	1	2	4	
6	9	0	3	
8	13	11	7	
12	10	14	15	
-----
DOWN
-----
5	1	2	4	
6	9	11	3	
8	13	0	7	
12	10	14	15	
-----
RIGHT
-----
5	1	2	4	
6	9	11	3	
8	13	7	0	
12	10	14	15	
-----
UP
-----
5	1	2	4	
6	9	11	0	
8	13	7	3	
12	10	14	15	
-----
UP
-----
5	1	2	0	
6	9	11	4	
8	13	7	3	
12	10	14	15	
-----
LEFT
-----
5	1	0	2	
6	9	11	4	
8	13	7	3	
12	10	14	15	
-----
DOWN
-----
5	1	11	2	
6	9	0	4	
8	13	7	3	
12	10	14	15	
-----
RIGHT
-----
5	1	11	2	
6	9	4	0	
8	13	7	3	
12	10	14	15	
-----
DOWN
-----
5	1	11	2	
6	9	4	3	
8	13	7	0	
12	10	14	15	
-----
DOWN
-----
5	1	11	2	
6	9	4	3	
8	13	7	15	
12	10	14	0	
-----
LEFT
-----
5	1	11	2	
6	9	4	3	
8	13	7	15	
12	10	0	14	
-----
LEFT
-----
5	1	11	2	
6	9	4	3	
8	13	7	15	
12	0	10	14	
-----
UP
-----
5	1	11	2	
6	9	4	3	
8	0	7	15	
12	13	10	14	
-----
UP
-----
5	1	11	2	
6	0	4	3	
8	9	7	15	
12	13	10	14	
-----
RIGHT
-----
5	1	11	2	
6	4	0	3	
8	9	7	15	
12	13	10	14	
-----
UP
-----
5	1	0	2	
6	4	11	3	
8	9	7	15	
12	13	10	14	
-----
LEFT
-----
5	0	1	2	
6	4	11	3	
8	9	7	15	
12	13	10	14	
-----
DOWN
-----
5	4	1	2	
6	0	11	3	
8	9	7	15	
12	13	10	14	
-----
LEFT
-----
5	4	1	2	
0	6	11	3	
8	9	7	15	
12	13	10	14	
-----
UP
-----
0	4	1	2	
5	6	11	3	
8	9	7	15	
12	13	10	14	
-----
RIGHT
-----
4	0	1	2	
5	6	11	3	
8	9	7	15	
12	13	10	14	
-----
RIGHT
-----
4	1	0	2	
5	6	11	3	
8	9	7	15	
12	13	10	14	
-----
RIGHT
-----
4	1	2	0	
5	6	11	3	
8	9	7	15	
12	13	10	14	
-----
DOWN
-----
4	1	2	3	
5	6	11	0	
8	9	7	15	
12	13	10	14	
-----
LEFT
-----
4	1	2	3	
5	6	0	11	
8	9	7	15	
12	13	10	14	
-----
DOWN
-----
4	1	2	3	
5	6	7	11	
8	9	0	15	
12	13	10	14	
-----
DOWN
-----
4	1	2	3	
5	6	7	11	
8	9	10	15	
12	13	0	14	
-----
RIGHT
-----
4	1	2	3	
5	6	7	11	
8	9	10	15	
12	13	14	0	
-----
UP
-----
4	1	2	3	
5	6	7	11	
8	9	10	0	
12	13	14	15	
-----
UP
-----
4	1	2	3	
5	6	7	0	
8	9	10	11	
12	13	14	15	
-----
LEFT
-----
4	1	2	3	
5	6	0	7	
8	9	10	11	
12	13	14	15	
-----
LEFT
-----
4	1	2	3	
5	0	6	7	
8	9	10	11	
12	13	14	15	
-----
LEFT
-----
4	1	2	3	
0	5	6	7	
8	9	10	11	
12	13	14	15	
-----
UP
-----
0	1	2	3	
4	5	6	7	
8	9	10	11	
12	13	14	15	
-----
END
Number of nodes generated: 582
Length of solution path: 82
**************
Input 2
**************
