**************
Input 1
**************
START
-----
1	2	0	3	
6	7	11	4	
5	9	12	8	
13	10	14	15	
-----
RIGHT
-----
1	2	3	0	
6	7	11	4	
5	9	12	8	
13	10	14	15	
-----
DOWN
-----
1	2	3	4	
6	7	11	0	
5	9	12	8	
13	10	14	15	
-----
DOWN
-----
1	2	3	4	
6	7	11	8	
5	9	12	0	
13	10	14	15	
-----
LEFT
-----
1	2	3	4	
6	7	11	8	
5	9	0	12	
13	10	14	15	
-----
UP
-----
1	2	3	4	
6	7	0	8	
5	9	11	12	
13	10	14	15	
-----
LEFT
-----
1	2	3	4	
6	0	7	8	
5	9	11	12	
13	10	14	15	
-----
-----
1	2	3	4	
0	6	7	8	
5	9	11	12	
13	10	14	15	
-----
DOWN
-----
1	2	3	4	
5	6	7	8	
0	9	11	12	
13	10	14	15	
-----
RIGHT
-----
1	2	3	4	
5	6	7	8	
9	0	11	12	
13	10	14	15	
-----
DOWN
-----
1	2	3	4	
5	6	7	8	
9	10	11	12	
13	0	14	15	
-----
RIGHT
-----
1	2	3	4	
5	6	7	8	
9	10	11	12	
13	14	0	15	
-----
RIGHT
-----
1	2	3	4	
5	6	7	8	
9	10	11	12	
13	14	15	0	
-----
END
Number of nodes generated: 30
Length of solution path: 12
**************
Input 2
**************
START
-----
1	2	3	4	
12	13	14	5	
11	0	15	6	
10	9	8	7	
-----
LEFT
-----
1	2	3	4	
12	13	14	5	
0	11	15	6	
10	9	8	7	
-----
UP
-----
1	2	3	4	
0	13	14	5	
12	11	15	6	
10	9	8	7	
-----
RIGHT
-----
1	2	3	4	
13	0	14	5	
12	11	15	6	
10	9	8	7	
-----
RIGHT
-----
1	2	3	4	
13	14	0	5	
12	11	15	6	
10	9	8	7	
-----
RIGHT
-----
1	2	3	4	
13	14	5	0	
12	11	15	6	
10	9	8	7	
-----
DOWN
-----
1	2	3	4	
13	14	5	6	
12	11	15	0	
10	9	8	7	
-----
DOWN
-----
1	2	3	4	
13	14	5	6	
12	11	15	7	
10	9	8	0	
-----
LEFT
-----
1	2	3	4	
13	14	5	6	
12	11	15	7	
10	9	0	8	
-----
UP
-----
1	2	3	4	
13	14	5	6	
12	11	0	7	
10	9	15	8	
-----
UP
-----
1	2	3	4	
13	14	0	6	
12	11	5	7	
10	9	15	8	
-----
RIGHT
-----
1	2	3	4	
13	14	6	0	
12	11	5	7	
10	9	15	8	
-----
DOWN
-----
1	2	3	4	
13	14	6	7	
12	11	5	0	
10	9	15	8	
-----
DOWN
-----
1	2	3	4	
13	14	6	7	
12	11	5	8	
10	9	15	0	
-----
LEFT
-----
1	2	3	4	
13	14	6	7	
12	11	5	8	
10	9	0	15	
-----
LEFT
-----
1	2	3	4	
13	14	6	7	
12	11	5	8	
10	0	9	15	
-----
UP
-----
1	2	3	4	
13	14	6	7	
12	0	5	8	
10	11	9	15	
-----
RIGHT
-----
1	2	3	4	
13	14	6	7	
12	5	0	8	
10	11	9	15	
-----
UP
-----
1	2	3	4	
13	14	0	7	
12	5	6	8	
10	11	9	15	
-----
LEFT
-----
1	2	3	4	
13	0	14	7	
12	5	6	8	
10	11	9	15	
-----
DOWN
-----
1	2	3	4	
13	5	14	7	
12	0	6	8	
10	11	9	15	
-----
LEFT
-----
1	2	3	4	
13	5	14	7	
0	12	6	8	
10	11	9	15	
-----
UP
-----
1	2	3	4	
0	5	14	7	
13	12	6	8	
10	11	9	15	
-----
-----
1	2	3	4	
5	0	14	7	
13	12	6	8	
10	11	9	15	
-----
RIGHT
-----
1	2	3	4	
5	14	0	7	
13	12	6	8	
10	11	9	15	
-----
DOWN
-----
1	2	3	4	
5	14	6	7	
13	12	0	8	
10	11	9	15	
-----
LEFT
-----
1	2	3	4	
5	14	6	7	
13	0	12	8	
10	11	9	15	
-----
UP
-----
1	2	3	4	
5	0	6	7	
13	14	12	8	
10	11	9	15	
-----
RIGHT
-----
1	2	3	4	
5	6	0	7	
13	14	12	8	
10	11	9	15	
-----
RIGHT
-----
1	2	3	4	
5	6	7	0	
13	14	12	8	
10	11	9	15	
-----
DOWN
-----
1	2	3	4	
5	6	7	8	
13	14	12	0	
10	11	9	15	
-----
LEFT
-----
1	2	3	4	
5	6	7	8	
13	14	0	12	
10	11	9	15	
-----
DOWN
-----
1	2	3	4	
5	6	7	8	
13	14	9	12	
10	11	0	15	
-----
LEFT
-----
1	2	3	4	
5	6	7	8	
13	14	9	12	
10	0	11	15	
-----
UP
-----
1	2	3	4	
5	6	7	8	
13	0	9	12	
10	14	11	15	
-----
RIGHT
-----
1	2	3	4	
5	6	7	8	
13	9	0	12	
10	14	11	15	
-----
DOWN
-----
1	2	3	4	
5	6	7	8	
13	9	11	12	
10	14	0	15	
-----
LEFT
-----
1	2	3	4	
5	6	7	8	
13	9	11	12	
10	0	14	15	
-----
LEFT
-----
1	2	3	4	
5	6	7	8	
13	9	11	12	
0	10	14	15	
-----
UP
-----
1	2	3	4	
5	6	7	8	
0	9	11	12	
13	10	14	15	
-----
RIGHT
-----
1	2	3	4	
5	6	7	8	
9	0	11	12	
13	10	14	15	
-----
DOWN
-----
1	2	3	4	
5	6	7	8	
9	10	11	12	
13	0	14	15	
-----
RIGHT
-----
1	2	3	4	
5	6	7	8	
9	10	11	12	
13	14	0	15	
-----
RIGHT
-----
1	2	3	4	
5	6	7	8	
9	10	11	12	
13	14	15	0	
-----
END
Number of nodes generated: 4525
Length of solution path: 43
**************
Input 3
**************
START
-----
0	15	14	13	
12	11	10	9	
8	7	6	5	
4	3	2	1	
-----
DOWN
-----
12	15	14	13	
0	11	10	9	
8	7	6	5	
4	3	2	1	
-----
DOWN
-----
12	15	14	13	
8	11	10	9	
0	7	6	5	
4	3	2	1	
-----
RIGHT
-----
12	15	14	13	
8	11	10	9	
7	0	6	5	
4	3	2	1	
-----
DOWN
-----
12	15	14	13	
8	11	10	9	
7	3	6	5	
4	0	2	1	
-----
RIGHT
-----
12	15	14	13	
8	11	10	9	
7	3	6	5	
4	2	0	1	
-----
UP
-----
12	15	14	13	
8	11	10	9	
7	3	0	5	
4	2	6	1	
-----
UP
-----
12	15	14	13	
8	11	0	9	
7	3	10	5	
4	2	6	1	
-----
UP
-----
12	15	0	13	
8	11	14	9	
7	3	10	5	
4	2	6	1	
-----
LEFT
-----
12	0	15	13	
8	11	14	9	
7	3	10	5	
4	2	6	1	
-----
LEFT
-----
0	12	15	13	
8	11	14	9	
7	3	10	5	
4	2	6	1	
-----
DOWN
-----
8	12	15	13	
0	11	14	9	
7	3	10	5	
4	2	6	1	
-----
DOWN
-----
8	12	15	13	
7	11	14	9	
0	3	10	5	
4	2	6	1	
-----
DOWN
-----
8	12	15	13	
7	11	14	9	
4	3	10	5	
0	2	6	1	
-----
RIGHT
-----
8	12	15	13	
7	11	14	9	
4	3	10	5	
2	0	6	1	
-----
RIGHT
-----
8	12	15	13	
7	11	14	9	
4	3	10	5	
2	6	0	1	
-----
UP
-----
8	12	15	13	
7	11	14	9	
4	3	0	5	
2	6	10	1	
-----
RIGHT
-----
8	12	15	13	
7	11	14	9	
4	3	5	0	
2	6	10	1	
-----
DOWN
-----
8	12	15	13	
7	11	14	9	
4	3	5	1	
2	6	10	0	
-----
LEFT
-----
8	12	15	13	
7	11	14	9	
4	3	5	1	
2	6	0	10	
-----
UP
-----
8	12	15	13	
7	11	14	9	
4	3	0	1	
2	6	5	10	
-----
RIGHT
-----
8	12	15	13	
7	11	14	9	
4	3	1	0	
2	6	5	10	
-----
UP
-----
8	12	15	13	
7	11	14	0	
4	3	1	9	
2	6	5	10	
-----
LEFT
-----
8	12	15	13	
7	11	0	14	
4	3	1	9	
2	6	5	10	
-----
LEFT
-----
8	12	15	13	
7	0	11	14	
4	3	1	9	
2	6	5	10	
-----
LEFT
-----
8	12	15	13	
0	7	11	14	
4	3	1	9	
2	6	5	10	
-----
DOWN
-----
8	12	15	13	
4	7	11	14	
0	3	1	9	
2	6	5	10	
-----
RIGHT
-----
8	12	15	13	
4	7	11	14	
3	0	1	9	
2	6	5	10	
-----
RIGHT
-----
8	12	15	13	
4	7	11	14	
3	1	0	9	
2	6	5	10	
-----
RIGHT
-----
8	12	15	13	
4	7	11	14	
3	1	9	0	
2	6	5	10	
-----
UP
-----
8	12	15	13	
4	7	11	0	
3	1	9	14	
2	6	5	10	
-----
UP
-----
8	12	15	0	
4	7	11	13	
3	1	9	14	
2	6	5	10	
-----
LEFT
-----
8	12	0	15	
4	7	11	13	
3	1	9	14	
2	6	5	10	
-----
LEFT
-----
8	0	12	15	
4	7	11	13	
3	1	9	14	
2	6	5	10	
-----
LEFT
-----
0	8	12	15	
4	7	11	13	
3	1	9	14	
2	6	5	10	
-----
DOWN
-----
4	8	12	15	
0	7	11	13	
3	1	9	14	
2	6	5	10	
-----
DOWN
-----
4	8	12	15	
3	7	11	13	
0	1	9	14	
2	6	5	10	
-----
DOWN
-----
4	8	12	15	
3	7	11	13	
2	1	9	14	
0	6	5	10	
-----
RIGHT
-----
4	8	12	15	
3	7	11	13	
2	1	9	14	
6	0	5	10	
-----
RIGHT
-----
4	8	12	15	
3	7	11	13	
2	1	9	14	
6	5	0	10	
-----
UP
-----
4	8	12	15	
3	7	11	13	
2	1	0	14	
6	5	9	10	
-----
RIGHT
-----
4	8	12	15	
3	7	11	13	
2	1	14	0	
6	5	9	10	
-----
UP
-----
4	8	12	15	
3	7	11	0	
2	1	14	13	
6	5	9	10	
-----
UP
-----
4	8	12	0	
3	7	11	15	
2	1	14	13	
6	5	9	10	
-----
LEFT
-----
4	8	0	12	
3	7	11	15	
2	1	14	13	
6	5	9	10	
-----
DOWN
-----
4	8	11	12	
3	7	0	15	
2	1	14	13	
6	5	9	10	
-----
DOWN
-----
4	8	11	12	
3	7	14	15	
2	1	0	13	
6	5	9	10	
-----
RIGHT
-----
4	8	11	12	
3	7	14	15	
2	1	13	0	
6	5	9	10	
-----
UP
-----
4	8	11	12	
3	7	14	0	
2	1	13	15	
6	5	9	10	
-----
LEFT
-----
4	8	11	12	
3	7	0	14	
2	1	13	15	
6	5	9	10	
-----
-----
4	8	0	12	
3	7	11	14	
2	1	13	15	
6	5	9	10	
-----
LEFT
-----
4	0	8	12	
3	7	11	14	
2	1	13	15	
6	5	9	10	
-----
LEFT
-----
0	4	8	12	
3	7	11	14	
2	1	13	15	
6	5	9	10	
-----
DOWN
-----
3	4	8	12	
0	7	11	14	
2	1	13	15	
6	5	9	10	
-----
DOWN
-----
3	4	8	12	
2	7	11	14	
0	1	13	15	
6	5	9	10	
-----
RIGHT
-----
3	4	8	12	
2	7	11	14	
1	0	13	15	
6	5	9	10	
-----
RIGHT
-----
3	4	8	12	
2	7	11	14	
1	13	0	15	
6	5	9	10	
-----
DOWN
-----
3	4	8	12	
2	7	11	14	
1	13	9	15	
6	5	0	10	
-----
RIGHT
-----
3	4	8	12	
2	7	11	14	
1	13	9	15	
6	5	10	0	
-----
UP
-----
3	4	8	12	
2	7	11	14	
1	13	9	0	
6	5	10	15	
-----
UP
-----
3	4	8	12	
2	7	11	0	
1	13	9	14	
6	5	10	15	
-----
UP
-----
3	4	8	0	
2	7	11	12	
1	13	9	14	
6	5	10	15	
-----
LEFT
-----
3	4	0	8	
2	7	11	12	
1	13	9	14	
6	5	10	15	
-----
LEFT
-----
3	0	4	8	
2	7	11	12	
1	13	9	14	
6	5	10	15	
-----
LEFT
-----
0	3	4	8	
2	7	11	12	
1	13	9	14	
6	5	10	15	
-----
DOWN
-----
2	3	4	8	
0	7	11	12	
1	13	9	14	
6	5	10	15	
-----
DOWN
-----
2	3	4	8	
1	7	11	12	
0	13	9	14	
6	5	10	15	
-----
RIGHT
-----
2	3	4	8	
1	7	11	12	
13	0	9	14	
6	5	10	15	
-----
DOWN
-----
2	3	4	8	
1	7	11	12	
13	5	9	14	
6	0	10	15	
-----
LEFT
-----
2	3	4	8	
1	7	11	12	
13	5	9	14	
0	6	10	15	
-----
UP
-----
2	3	4	8	
1	7	11	12	
0	5	9	14	
13	6	10	15	
-----
RIGHT
-----
2	3	4	8	
1	7	11	12	
5	0	9	14	
13	6	10	15	
-----
RIGHT
-----
2	3	4	8	
1	7	11	12	
5	9	0	14	
13	6	10	15	
-----
RIGHT
-----
2	3	4	8	
1	7	11	12	
5	9	14	0	
13	6	10	15	
-----
UP
-----
2	3	4	8	
1	7	11	0	
5	9	14	12	
13	6	10	15	
-----
UP
-----
2	3	4	0	
1	7	11	8	
5	9	14	12	
13	6	10	15	
-----
LEFT
-----
2	3	0	4	
1	7	11	8	
5	9	14	12	
13	6	10	15	
-----
LEFT
-----
2	0	3	4	
1	7	11	8	
5	9	14	12	
13	6	10	15	
-----
LEFT
-----
0	2	3	4	
1	7	11	8	
5	9	14	12	
13	6	10	15	
-----
DOWN
-----
1	2	3	4	
0	7	11	8	
5	9	14	12	
13	6	10	15	
-----
DOWN
-----
1	2	3	4	
5	7	11	8	
0	9	14	12	
13	6	10	15	
-----
RIGHT
-----
1	2	3	4	
5	7	11	8	
9	0	14	12	
13	6	10	15	
-----
DOWN
-----
1	2	3	4	
5	7	11	8	
9	6	14	12	
13	0	10	15	
-----
RIGHT
-----
1	2	3	4	
5	7	11	8	
9	6	14	12	
13	10	0	15	
-----
UP
-----
1	2	3	4	
5	7	11	8	
9	6	0	12	
13	10	14	15	
-----
UP
-----
1	2	3	4	
5	7	0	8	
9	6	11	12	
13	10	14	15	
-----
LEFT
-----
1	2	3	4	
5	0	7	8	
9	6	11	12	
13	10	14	15	
-----
DOWN
-----
1	2	3	4	
5	6	7	8	
9	0	11	12	
13	10	14	15	
-----
DOWN
-----
1	2	3	4	
5	6	7	8	
9	10	11	12	
13	0	14	15	
-----
RIGHT
-----
1	2	3	4	
5	6	7	8	
9	10	11	12	
13	14	0	15	
-----
RIGHT
-----
1	2	3	4	
5	6	7	8	
9	10	11	12	
13	14	15	0	
-----
END
Number of nodes generated: 214992
Length of solution path: 90
