**************
Input 1
**************
START
-----
1	2	0	3	
6	7	11	4	
5	9	12	8	
13	10	14	15	
-----
RIGHT
-----
1	2	3	0	
6	7	11	4	
5	9	12	8	
13	10	14	15	
-----
DOWN
-----
1	2	3	4	
6	7	11	0	
5	9	12	8	
13	10	14	15	
-----
DOWN
-----
1	2	3	4	
6	7	11	8	
5	9	12	0	
13	10	14	15	
-----
LEFT
-----
1	2	3	4	
6	7	11	8	
5	9	0	12	
13	10	14	15	
-----
UP
-----
1	2	3	4	
6	7	0	8	
5	9	11	12	
13	10	14	15	
-----
LEFT
-----
1	2	3	4	
6	0	7	8	
5	9	11	12	
13	10	14	15	
-----
-----
1	2	3	4	
0	6	7	8	
5	9	11	12	
13	10	14	15	
-----
DOWN
-----
1	2	3	4	
5	6	7	8	
0	9	11	12	
13	10	14	15	
-----
RIGHT
-----
1	2	3	4	
5	6	7	8	
9	0	11	12	
13	10	14	15	
-----
DOWN
-----
1	2	3	4	
5	6	7	8	
9	10	11	12	
13	0	14	15	
-----
RIGHT
-----
1	2	3	4	
5	6	7	8	
9	10	11	12	
13	14	0	15	
-----
RIGHT
-----
1	2	3	4	
5	6	7	8	
9	10	11	12	
13	14	15	0	
-----
END
Number of nodes generated: 30
Length of solution path: 12
**************
Input 2
**************
START
-----
1	2	3	4	
12	13	14	5	
11	0	15	6	
10	9	8	7	
-----
UP
-----
1	2	3	4	
12	0	14	5	
11	13	15	6	
10	9	8	7	
-----
RIGHT
-----
1	2	3	4	
12	14	0	5	
11	13	15	6	
10	9	8	7	
-----
RIGHT
-----
1	2	3	4	
12	14	5	0	
11	13	15	6	
10	9	8	7	
-----
DOWN
-----
1	2	3	4	
12	14	5	6	
11	13	15	0	
10	9	8	7	
-----
DOWN
-----
1	2	3	4	
12	14	5	6	
11	13	15	7	
10	9	8	0	
-----
LEFT
-----
1	2	3	4	
12	14	5	6	
11	13	15	7	
10	9	0	8	
-----
UP
-----
1	2	3	4	
12	14	5	6	
11	13	0	7	
10	9	15	8	
-----
UP
-----
1	2	3	4	
12	14	0	6	
11	13	5	7	
10	9	15	8	
-----
RIGHT
-----
1	2	3	4	
12	14	6	0	
11	13	5	7	
10	9	15	8	
-----
DOWN
-----
1	2	3	4	
12	14	6	7	
11	13	5	0	
10	9	15	8	
-----
DOWN
-----
1	2	3	4	
12	14	6	7	
11	13	5	8	
10	9	15	0	
-----
LEFT
-----
1	2	3	4	
12	14	6	7	
11	13	5	8	
10	9	0	15	
-----
LEFT
-----
1	2	3	4	
12	14	6	7	
11	13	5	8	
10	0	9	15	
-----
UP
-----
1	2	3	4	
12	14	6	7	
11	0	5	8	
10	13	9	15	
-----
LEFT
-----
1	2	3	4	
12	14	6	7	
0	11	5	8	
10	13	9	15	
-----
DOWN
-----
1	2	3	4	
12	14	6	7	
10	11	5	8	
0	13	9	15	
-----
RIGHT
-----
1	2	3	4	
12	14	6	7	
10	11	5	8	
13	0	9	15	
-----
RIGHT
-----
1	2	3	4	
12	14	6	7	
10	11	5	8	
13	9	0	15	
-----
UP
-----
1	2	3	4	
12	14	6	7	
10	11	0	8	
13	9	5	15	
-----
LEFT
-----
1	2	3	4	
12	14	6	7	
10	0	11	8	
13	9	5	15	
-----
DOWN
-----
1	2	3	4	
12	14	6	7	
10	9	11	8	
13	0	5	15	
-----
RIGHT
-----
1	2	3	4	
12	14	6	7	
10	9	11	8	
13	5	0	15	
-----
UP
-----
1	2	3	4	
12	14	6	7	
10	9	0	8	
13	5	11	15	
-----
UP
-----
1	2	3	4	
12	14	0	7	
10	9	6	8	
13	5	11	15	
-----
LEFT
-----
1	2	3	4	
12	0	14	7	
10	9	6	8	
13	5	11	15	
-----
LEFT
-----
1	2	3	4	
0	12	14	7	
10	9	6	8	
13	5	11	15	
-----
UP
-----
0	2	3	4	
1	12	14	7	
10	9	6	8	
13	5	11	15	
-----
RIGHT
-----
2	0	3	4	
1	12	14	7	
10	9	6	8	
13	5	11	15	
-----
DOWN
-----
2	12	3	4	
1	0	14	7	
10	9	6	8	
13	5	11	15	
-----
DOWN
-----
2	12	3	4	
1	9	14	7	
10	0	6	8	
13	5	11	15	
-----
DOWN
-----
2	12	3	4	
1	9	14	7	
10	5	6	8	
13	0	11	15	
-----
LEFT
-----
2	12	3	4	
1	9	14	7	
10	5	6	8	
0	13	11	15	
-----
UP
-----
2	12	3	4	
1	9	14	7	
0	5	6	8	
10	13	11	15	
-----
RIGHT
-----
2	12	3	4	
1	9	14	7	
5	0	6	8	
10	13	11	15	
-----
DOWN
-----
2	12	3	4	
1	9	14	7	
5	13	6	8	
10	0	11	15	
-----
RIGHT
-----
2	12	3	4	
1	9	14	7	
5	13	6	8	
10	11	0	15	
-----
UP
-----
2	12	3	4	
1	9	14	7	
5	13	0	8	
10	11	6	15	
-----
RIGHT
-----
2	12	3	4	
1	9	14	7	
5	13	8	0	
10	11	6	15	
-----
DOWN
-----
2	12	3	4	
1	9	14	7	
5	13	8	15	
10	11	6	0	
-----
LEFT
-----
2	12	3	4	
1	9	14	7	
5	13	8	15	
10	11	0	6	
-----
LEFT
-----
2	12	3	4	
1	9	14	7	
5	13	8	15	
10	0	11	6	
-----
UP
-----
2	12	3	4	
1	9	14	7	
5	0	8	15	
10	13	11	6	
-----
LEFT
-----
2	12	3	4	
1	9	14	7	
0	5	8	15	
10	13	11	6	
-----
DOWN
-----
2	12	3	4	
1	9	14	7	
10	5	8	15	
0	13	11	6	
-----
RIGHT
-----
2	12	3	4	
1	9	14	7	
10	5	8	15	
13	0	11	6	
-----
UP
-----
2	12	3	4	
1	9	14	7	
10	0	8	15	
13	5	11	6	
-----
RIGHT
-----
2	12	3	4	
1	9	14	7	
10	8	0	15	
13	5	11	6	
-----
DOWN
-----
2	12	3	4	
1	9	14	7	
10	8	11	15	
13	5	0	6	
-----
RIGHT
-----
2	12	3	4	
1	9	14	7	
10	8	11	15	
13	5	6	0	
-----
UP
-----
2	12	3	4	
1	9	14	7	
10	8	11	0	
13	5	6	15	
-----
LEFT
-----
2	12	3	4	
1	9	14	7	
10	8	0	11	
13	5	6	15	
-----
LEFT
-----
2	12	3	4	
1	9	14	7	
10	0	8	11	
13	5	6	15	
-----
DOWN
-----
2	12	3	4	
1	9	14	7	
10	5	8	11	
13	0	6	15	
-----
RIGHT
-----
2	12	3	4	
1	9	14	7	
10	5	8	11	
13	6	0	15	
-----
UP
-----
2	12	3	4	
1	9	14	7	
10	5	0	11	
13	6	8	15	
-----
RIGHT
-----
2	12	3	4	
1	9	14	7	
10	5	11	0	
13	6	8	15	
-----
UP
-----
2	12	3	4	
1	9	14	0	
10	5	11	7	
13	6	8	15	
-----
UP
-----
2	12	3	0	
1	9	14	4	
10	5	11	7	
13	6	8	15	
-----
LEFT
-----
2	12	0	3	
1	9	14	4	
10	5	11	7	
13	6	8	15	
-----
LEFT
-----
2	0	12	3	
1	9	14	4	
10	5	11	7	
13	6	8	15	
-----
DOWN
-----
2	9	12	3	
1	0	14	4	
10	5	11	7	
13	6	8	15	
-----
RIGHT
-----
2	9	12	3	
1	14	0	4	
10	5	11	7	
13	6	8	15	
-----
UP
-----
2	9	0	3	
1	14	12	4	
10	5	11	7	
13	6	8	15	
-----
LEFT
-----
2	0	9	3	
1	14	12	4	
10	5	11	7	
13	6	8	15	
-----
DOWN
-----
2	14	9	3	
1	0	12	4	
10	5	11	7	
13	6	8	15	
-----
RIGHT
-----
2	14	9	3	
1	12	0	4	
10	5	11	7	
13	6	8	15	
-----
RIGHT
-----
2	14	9	3	
1	12	4	0	
10	5	11	7	
13	6	8	15	
-----
DOWN
-----
2	14	9	3	
1	12	4	7	
10	5	11	0	
13	6	8	15	
-----
LEFT
-----
2	14	9	3	
1	12	4	7	
10	5	0	11	
13	6	8	15	
-----
DOWN
-----
2	14	9	3	
1	12	4	7	
10	5	8	11	
13	6	0	15	
-----
LEFT
-----
2	14	9	3	
1	12	4	7	
10	5	8	11	
13	0	6	15	
-----
UP
-----
2	14	9	3	
1	12	4	7	
10	0	8	11	
13	5	6	15	
-----
LEFT
-----
2	14	9	3	
1	12	4	7	
0	10	8	11	
13	5	6	15	
-----
DOWN
-----
2	14	9	3	
1	12	4	7	
13	10	8	11	
0	5	6	15	
-----
RIGHT
-----
2	14	9	3	
1	12	4	7	
13	10	8	11	
5	0	6	15	
-----
UP
-----
2	14	9	3	
1	12	4	7	
13	0	8	11	
5	10	6	15	
-----
RIGHT
-----
2	14	9	3	
1	12	4	7	
13	8	0	11	
5	10	6	15	
-----
UP
-----
2	14	9	3	
1	12	0	7	
13	8	4	11	
5	10	6	15	
-----
RIGHT
-----
2	14	9	3	
1	12	7	0	
13	8	4	11	
5	10	6	15	
-----
DOWN
-----
2	14	9	3	
1	12	7	11	
13	8	4	0	
5	10	6	15	
-----
LEFT
-----
2	14	9	3	
1	12	7	11	
13	8	0	4	
5	10	6	15	
-----
LEFT
-----
2	14	9	3	
1	12	7	11	
13	0	8	4	
5	10	6	15	
-----
UP
-----
2	14	9	3	
1	0	7	11	
13	12	8	4	
5	10	6	15	
-----
UP
-----
2	0	9	3	
1	14	7	11	
13	12	8	4	
5	10	6	15	
-----
LEFT
-----
0	2	9	3	
1	14	7	11	
13	12	8	4	
5	10	6	15	
-----
DOWN
-----
1	2	9	3	
0	14	7	11	
13	12	8	4	
5	10	6	15	
-----
RIGHT
-----
1	2	9	3	
14	0	7	11	
13	12	8	4	
5	10	6	15	
-----
DOWN
-----
1	2	9	3	
14	12	7	11	
13	0	8	4	
5	10	6	15	
-----
DOWN
-----
1	2	9	3	
14	12	7	11	
13	10	8	4	
5	0	6	15	
-----
LEFT
-----
1	2	9	3	
14	12	7	11	
13	10	8	4	
0	5	6	15	
-----
UP
-----
1	2	9	3	
14	12	7	11	
0	10	8	4	
13	5	6	15	
-----
UP
-----
1	2	9	3	
0	12	7	11	
14	10	8	4	
13	5	6	15	
-----
UP
-----
0	2	9	3	
1	12	7	11	
14	10	8	4	
13	5	6	15	
-----
RIGHT
-----
2	0	9	3	
1	12	7	11	
14	10	8	4	
13	5	6	15	
-----
RIGHT
-----
2	9	0	3	
1	12	7	11	
14	10	8	4	
13	5	6	15	
-----
DOWN
-----
2	9	7	3	
1	12	0	11	
14	10	8	4	
13	5	6	15	
-----
RIGHT
-----
2	9	7	3	
1	12	11	0	
14	10	8	4	
13	5	6	15	
-----
DOWN
-----
2	9	7	3	
1	12	11	4	
14	10	8	0	
13	5	6	15	
-----
LEFT
-----
2	9	7	3	
1	12	11	4	
14	10	0	8	
13	5	6	15	
-----
LEFT
-----
2	9	7	3	
1	12	11	4	
14	0	10	8	
13	5	6	15	
-----
UP
-----
2	9	7	3	
1	0	11	4	
14	12	10	8	
13	5	6	15	
-----
LEFT
-----
2	9	7	3	
0	1	11	4	
14	12	10	8	
13	5	6	15	
-----
DOWN
-----
2	9	7	3	
14	1	11	4	
0	12	10	8	
13	5	6	15	
-----
DOWN
-----
2	9	7	3	
14	1	11	4	
13	12	10	8	
0	5	6	15	
-----
RIGHT
-----
2	9	7	3	
14	1	11	4	
13	12	10	8	
5	0	6	15	
-----
UP
-----
2	9	7	3	
14	1	11	4	
13	0	10	8	
5	12	6	15	
-----
LEFT
-----
2	9	7	3	
14	1	11	4	
0	13	10	8	
5	12	6	15	
-----
UP
-----
2	9	7	3	
0	1	11	4	
14	13	10	8	
5	12	6	15	
-----
RIGHT
-----
2	9	7	3	
1	0	11	4	
14	13	10	8	
5	12	6	15	
-----
DOWN
-----
2	9	7	3	
1	13	11	4	
14	0	10	8	
5	12	6	15	
-----
-----
2	9	7	3	
1	13	11	4	
14	12	10	8	
5	0	6	15	
-----
LEFT
-----
2	9	7	3	
1	13	11	4	
14	12	10	8	
0	5	6	15	
-----
UP
-----
2	9	7	3	
1	13	11	4	
0	12	10	8	
14	5	6	15	
-----
RIGHT
-----
2	9	7	3	
1	13	11	4	
12	0	10	8	
14	5	6	15	
-----
UP
-----
2	9	7	3	
1	0	11	4	
12	13	10	8	
14	5	6	15	
-----
LEFT
-----
2	9	7	3	
0	1	11	4	
12	13	10	8	
14	5	6	15	
-----
DOWN
-----
2	9	7	3	
12	1	11	4	
0	13	10	8	
14	5	6	15	
-----
DOWN
-----
2	9	7	3	
12	1	11	4	
14	13	10	8	
0	5	6	15	
-----
RIGHT
-----
2	9	7	3	
12	1	11	4	
14	13	10	8	
5	0	6	15	
-----
UP
-----
2	9	7	3	
12	1	11	4	
14	0	10	8	
5	13	6	15	
-----
UP
-----
2	9	7	3	
12	0	11	4	
14	1	10	8	
5	13	6	15	
-----
LEFT
-----
2	9	7	3	
0	12	11	4	
14	1	10	8	
5	13	6	15	
-----
DOWN
-----
2	9	7	3	
14	12	11	4	
0	1	10	8	
5	13	6	15	
-----
RIGHT
-----
2	9	7	3	
14	12	11	4	
1	0	10	8	
5	13	6	15	
-----
RIGHT
-----
2	9	7	3	
14	12	11	4	
1	10	0	8	
5	13	6	15	
-----
RIGHT
-----
2	9	7	3	
14	12	11	4	
1	10	8	0	
5	13	6	15	
-----
UP
-----
2	9	7	3	
14	12	11	0	
1	10	8	4	
5	13	6	15	
-----
LEFT
-----
2	9	7	3	
14	12	0	11	
1	10	8	4	
5	13	6	15	
-----
UP
-----
2	9	0	3	
14	12	7	11	
1	10	8	4	
5	13	6	15	
-----
LEFT
-----
2	0	9	3	
14	12	7	11	
1	10	8	4	
5	13	6	15	
-----
LEFT
-----
0	2	9	3	
14	12	7	11	
1	10	8	4	
5	13	6	15	
-----
DOWN
-----
14	2	9	3	
0	12	7	11	
1	10	8	4	
5	13	6	15	
-----
DOWN
-----
14	2	9	3	
1	12	7	11	
0	10	8	4	
5	13	6	15	
-----
RIGHT
-----
14	2	9	3	
1	12	7	11	
10	0	8	4	
5	13	6	15	
-----
DOWN
-----
14	2	9	3	
1	12	7	11	
10	13	8	4	
5	0	6	15	
-----
LEFT
-----
14	2	9	3	
1	12	7	11	
10	13	8	4	
0	5	6	15	
-----
UP
-----
14	2	9	3	
1	12	7	11	
0	13	8	4	
10	5	6	15	
-----
UP
-----
14	2	9	3	
0	12	7	11	
1	13	8	4	
10	5	6	15	
-----
UP
-----
0	2	9	3	
14	12	7	11	
1	13	8	4	
10	5	6	15	
-----
RIGHT
-----
2	0	9	3	
14	12	7	11	
1	13	8	4	
10	5	6	15	
-----
DOWN
-----
2	12	9	3	
14	0	7	11	
1	13	8	4	
10	5	6	15	
-----
LEFT
-----
2	12	9	3	
0	14	7	11	
1	13	8	4	
10	5	6	15	
-----
DOWN
-----
2	12	9	3	
1	14	7	11	
0	13	8	4	
10	5	6	15	
-----
RIGHT
-----
2	12	9	3	
1	14	7	11	
13	0	8	4	
10	5	6	15	
-----
DOWN
-----
2	12	9	3	
1	14	7	11	
13	5	8	4	
10	0	6	15	
-----
LEFT
-----
2	12	9	3	
1	14	7	11	
13	5	8	4	
0	10	6	15	
-----
UP
-----
2	12	9	3	
1	14	7	11	
0	5	8	4	
13	10	6	15	
-----
RIGHT
-----
2	12	9	3	
1	14	7	11	
5	0	8	4	
13	10	6	15	
-----
RIGHT
-----
2	12	9	3	
1	14	7	11	
5	8	0	4	
13	10	6	15	
-----
RIGHT
-----
2	12	9	3	
1	14	7	11	
5	8	4	0	
13	10	6	15	
-----
UP
-----
2	12	9	3	
1	14	7	0	
5	8	4	11	
13	10	6	15	
-----
LEFT
-----
2	12	9	3	
1	14	0	7	
5	8	4	11	
13	10	6	15	
-----
DOWN
-----
2	12	9	3	
1	14	4	7	
5	8	0	11	
13	10	6	15	
-----
LEFT
-----
2	12	9	3	
1	14	4	7	
5	0	8	11	
13	10	6	15	
-----
LEFT
-----
2	12	9	3	
1	14	4	7	
0	5	8	11	
13	10	6	15	
-----
DOWN
-----
2	12	9	3	
1	14	4	7	
13	5	8	11	
0	10	6	15	
-----
RIGHT
-----
2	12	9	3	
1	14	4	7	
13	5	8	11	
10	0	6	15	
-----
RIGHT
-----
2	12	9	3	
1	14	4	7	
13	5	8	11	
10	6	0	15	
-----
UP
-----
2	12	9	3	
1	14	4	7	
13	5	0	11	
10	6	8	15	
-----
RIGHT
-----
2	12	9	3	
1	14	4	7	
13	5	11	0	
10	6	8	15	
-----
UP
-----
2	12	9	3	
1	14	4	0	
13	5	11	7	
10	6	8	15	
-----
LEFT
-----
2	12	9	3	
1	14	0	4	
13	5	11	7	
10	6	8	15	
-----
LEFT
-----
2	12	9	3	
1	0	14	4	
13	5	11	7	
10	6	8	15	
-----
UP
-----
2	0	9	3	
1	12	14	4	
13	5	11	7	
10	6	8	15	
-----
RIGHT
-----
2	9	0	3	
1	12	14	4	
13	5	11	7	
10	6	8	15	
-----
RIGHT
-----
2	9	3	0	
1	12	14	4	
13	5	11	7	
10	6	8	15	
-----
DOWN
-----
2	9	3	4	
1	12	14	0	
13	5	11	7	
10	6	8	15	
-----
DOWN
-----
2	9	3	4	
1	12	14	7	
13	5	11	0	
10	6	8	15	
-----
DOWN
-----
2	9	3	4	
1	12	14	7	
13	5	11	15	
10	6	8	0	
-----
LEFT
-----
2	9	3	4	
1	12	14	7	
13	5	11	15	
10	6	0	8	
-----
LEFT
-----
2	9	3	4	
1	12	14	7	
13	5	11	15	
10	0	6	8	
-----
LEFT
-----
2	9	3	4	
1	12	14	7	
13	5	11	15	
0	10	6	8	
-----
UP
-----
2	9	3	4	
1	12	14	7	
0	5	11	15	
13	10	6	8	
-----
RIGHT
-----
2	9	3	4	
1	12	14	7	
5	0	11	15	
13	10	6	8	
-----
DOWN
-----
2	9	3	4	
1	12	14	7	
5	10	11	15	
13	0	6	8	
-----
LEFT
-----
2	9	3	4	
1	12	14	7	
5	10	11	15	
0	13	6	8	
-----
UP
-----
2	9	3	4	
1	12	14	7	
0	10	11	15	
5	13	6	8	
-----
RIGHT
-----
2	9	3	4	
1	12	14	7	
10	0	11	15	
5	13	6	8	
-----
RIGHT
-----
2	9	3	4	
1	12	14	7	
10	11	0	15	
5	13	6	8	
-----
DOWN
-----
2	9	3	4	
1	12	14	7	
10	11	6	15	
5	13	0	8	
-----
LEFT
-----
2	9	3	4	
1	12	14	7	
10	11	6	15	
5	0	13	8	
-----
UP
-----
2	9	3	4	
1	12	14	7	
10	0	6	15	
5	11	13	8	
-----
UP
-----
2	9	3	4	
1	0	14	7	
10	12	6	15	
5	11	13	8	
-----
UP
-----
2	0	3	4	
1	9	14	7	
10	12	6	15	
5	11	13	8	
-----
LEFT
-----
0	2	3	4	
1	9	14	7	
10	12	6	15	
5	11	13	8	
-----
DOWN
-----
1	2	3	4	
0	9	14	7	
10	12	6	15	
5	11	13	8	
-----
RIGHT
-----
1	2	3	4	
9	0	14	7	
10	12	6	15	
5	11	13	8	
-----
RIGHT
-----
1	2	3	4	
9	14	0	7	
10	12	6	15	
5	11	13	8	
-----
DOWN
-----
1	2	3	4	
9	14	6	7	
10	12	0	15	
5	11	13	8	
-----
LEFT
-----
1	2	3	4	
9	14	6	7	
10	0	12	15	
5	11	13	8	
-----
DOWN
-----
1	2	3	4	
9	14	6	7	
10	11	12	15	
5	0	13	8	
-----
RIGHT
-----
1	2	3	4	
9	14	6	7	
10	11	12	15	
5	13	0	8	
-----
UP
-----
1	2	3	4	
9	14	6	7	
10	11	0	15	
5	13	12	8	
-----
RIGHT
-----
1	2	3	4	
9	14	6	7	
10	11	15	0	
5	13	12	8	
-----
DOWN
-----
1	2	3	4	
9	14	6	7	
10	11	15	8	
5	13	12	0	
-----
LEFT
-----
1	2	3	4	
9	14	6	7	
10	11	15	8	
5	13	0	12	
-----
UP
-----
1	2	3	4	
9	14	6	7	
10	11	0	8	
5	13	15	12	
-----
LEFT
-----
1	2	3	4	
9	14	6	7	
10	0	11	8	
5	13	15	12	
-----
UP
-----
1	2	3	4	
9	0	6	7	
10	14	11	8	
5	13	15	12	
-----
LEFT
-----
1	2	3	4	
0	9	6	7	
10	14	11	8	
5	13	15	12	
-----
DOWN
-----
1	2	3	4	
10	9	6	7	
0	14	11	8	
5	13	15	12	
-----
DOWN
-----
1	2	3	4	
10	9	6	7	
5	14	11	8	
0	13	15	12	
-----
RIGHT
-----
1	2	3	4	
10	9	6	7	
5	14	11	8	
13	0	15	12	
-----
UP
-----
1	2	3	4	
10	9	6	7	
5	0	11	8	
13	14	15	12	
-----
LEFT
-----
1	2	3	4	
10	9	6	7	
0	5	11	8	
13	14	15	12	
-----
UP
-----
1	2	3	4	
0	9	6	7	
10	5	11	8	
13	14	15	12	
-----
RIGHT
-----
1	2	3	4	
9	0	6	7	
10	5	11	8	
13	14	15	12	
-----
DOWN
-----
1	2	3	4	
9	5	6	7	
10	0	11	8	
13	14	15	12	
-----
LEFT
-----
1	2	3	4	
9	5	6	7	
0	10	11	8	
13	14	15	12	
-----
UP
-----
1	2	3	4	
0	5	6	7	
9	10	11	8	
13	14	15	12	
-----
RIGHT
-----
1	2	3	4	
5	0	6	7	
9	10	11	8	
13	14	15	12	
-----
RIGHT
-----
1	2	3	4	
5	6	0	7	
9	10	11	8	
13	14	15	12	
-----
RIGHT
-----
1	2	3	4	
5	6	7	0	
9	10	11	8	
13	14	15	12	
-----
DOWN
-----
1	2	3	4	
5	6	7	8	
9	10	11	0	
13	14	15	12	
-----
DOWN
-----
1	2	3	4	
5	6	7	8	
9	10	11	12	
13	14	15	0	
-----
END
Number of nodes generated: 4005
Length of solution path: 215
**************
Input 3
**************
START
-----
0	15	14	13	
12	11	10	9	
8	7	6	5	
4	3	2	1	
-----
DOWN
-----
12	15	14	13	
0	11	10	9	
8	7	6	5	
4	3	2	1	
-----
DOWN
-----
12	15	14	13	
8	11	10	9	
0	7	6	5	
4	3	2	1	
-----
DOWN
-----
12	15	14	13	
8	11	10	9	
4	7	6	5	
0	3	2	1	
-----
RIGHT
-----
12	15	14	13	
8	11	10	9	
4	7	6	5	
3	0	2	1	
-----
RIGHT
-----
12	15	14	13	
8	11	10	9	
4	7	6	5	
3	2	0	1	
-----
RIGHT
-----
12	15	14	13	
8	11	10	9	
4	7	6	5	
3	2	1	0	
-----
UP
-----
12	15	14	13	
8	11	10	9	
4	7	6	0	
3	2	1	5	
-----
UP
-----
12	15	14	13	
8	11	10	0	
4	7	6	9	
3	2	1	5	
-----
UP
-----
12	15	14	0	
8	11	10	13	
4	7	6	9	
3	2	1	5	
-----
LEFT
-----
12	15	0	14	
8	11	10	13	
4	7	6	9	
3	2	1	5	
-----
LEFT
-----
12	0	15	14	
8	11	10	13	
4	7	6	9	
3	2	1	5	
-----
LEFT
-----
0	12	15	14	
8	11	10	13	
4	7	6	9	
3	2	1	5	
-----
DOWN
-----
8	12	15	14	
0	11	10	13	
4	7	6	9	
3	2	1	5	
-----
DOWN
-----
8	12	15	14	
4	11	10	13	
0	7	6	9	
3	2	1	5	
-----
DOWN
-----
8	12	15	14	
4	11	10	13	
3	7	6	9	
0	2	1	5	
-----
RIGHT
-----
8	12	15	14	
4	11	10	13	
3	7	6	9	
2	0	1	5	
-----
RIGHT
-----
8	12	15	14	
4	11	10	13	
3	7	6	9	
2	1	0	5	
-----
RIGHT
-----
8	12	15	14	
4	11	10	13	
3	7	6	9	
2	1	5	0	
-----
UP
-----
8	12	15	14	
4	11	10	13	
3	7	6	0	
2	1	5	9	
-----
UP
-----
8	12	15	14	
4	11	10	0	
3	7	6	13	
2	1	5	9	
-----
UP
-----
8	12	15	0	
4	11	10	14	
3	7	6	13	
2	1	5	9	
-----
LEFT
-----
8	12	0	15	
4	11	10	14	
3	7	6	13	
2	1	5	9	
-----
LEFT
-----
8	0	12	15	
4	11	10	14	
3	7	6	13	
2	1	5	9	
-----
LEFT
-----
0	8	12	15	
4	11	10	14	
3	7	6	13	
2	1	5	9	
-----
DOWN
-----
4	8	12	15	
0	11	10	14	
3	7	6	13	
2	1	5	9	
-----
DOWN
-----
4	8	12	15	
3	11	10	14	
0	7	6	13	
2	1	5	9	
-----
DOWN
-----
4	8	12	15	
3	11	10	14	
2	7	6	13	
0	1	5	9	
-----
RIGHT
-----
4	8	12	15	
3	11	10	14	
2	7	6	13	
1	0	5	9	
-----
RIGHT
-----
4	8	12	15	
3	11	10	14	
2	7	6	13	
1	5	0	9	
-----
RIGHT
-----
4	8	12	15	
3	11	10	14	
2	7	6	13	
1	5	9	0	
-----
UP
-----
4	8	12	15	
3	11	10	14	
2	7	6	0	
1	5	9	13	
-----
UP
-----
4	8	12	15	
3	11	10	0	
2	7	6	14	
1	5	9	13	
-----
LEFT
-----
4	8	12	15	
3	11	0	10	
2	7	6	14	
1	5	9	13	
-----
LEFT
-----
4	8	12	15	
3	0	11	10	
2	7	6	14	
1	5	9	13	
-----
DOWN
-----
4	8	12	15	
3	7	11	10	
2	0	6	14	
1	5	9	13	
-----
LEFT
-----
4	8	12	15	
3	7	11	10	
0	2	6	14	
1	5	9	13	
-----
DOWN
-----
4	8	12	15	
3	7	11	10	
1	2	6	14	
0	5	9	13	
-----
RIGHT
-----
4	8	12	15	
3	7	11	10	
1	2	6	14	
5	0	9	13	
-----
RIGHT
-----
4	8	12	15	
3	7	11	10	
1	2	6	14	
5	9	0	13	
-----
RIGHT
-----
4	8	12	15	
3	7	11	10	
1	2	6	14	
5	9	13	0	
-----
UP
-----
4	8	12	15	
3	7	11	10	
1	2	6	0	
5	9	13	14	
-----
UP
-----
4	8	12	15	
3	7	11	0	
1	2	6	10	
5	9	13	14	
-----
LEFT
-----
4	8	12	15	
3	7	0	11	
1	2	6	10	
5	9	13	14	
-----
LEFT
-----
4	8	12	15	
3	0	7	11	
1	2	6	10	
5	9	13	14	
-----
DOWN
-----
4	8	12	15	
3	2	7	11	
1	0	6	10	
5	9	13	14	
-----
RIGHT
-----
4	8	12	15	
3	2	7	11	
1	6	0	10	
5	9	13	14	
-----
UP
-----
4	8	12	15	
3	2	0	11	
1	6	7	10	
5	9	13	14	
-----
LEFT
-----
4	8	12	15	
3	0	2	11	
1	6	7	10	
5	9	13	14	
-----
DOWN
-----
4	8	12	15	
3	6	2	11	
1	0	7	10	
5	9	13	14	
-----
RIGHT
-----
4	8	12	15	
3	6	2	11	
1	7	0	10	
5	9	13	14	
-----
UP
-----
4	8	12	15	
3	6	0	11	
1	7	2	10	
5	9	13	14	
-----
RIGHT
-----
4	8	12	15	
3	6	11	0	
1	7	2	10	
5	9	13	14	
-----
DOWN
-----
4	8	12	15	
3	6	11	10	
1	7	2	0	
5	9	13	14	
-----
LEFT
-----
4	8	12	15	
3	6	11	10	
1	7	0	2	
5	9	13	14	
-----
UP
-----
4	8	12	15	
3	6	0	10	
1	7	11	2	
5	9	13	14	
-----
RIGHT
-----
4	8	12	15	
3	6	10	0	
1	7	11	2	
5	9	13	14	
-----
DOWN
-----
4	8	12	15	
3	6	10	2	
1	7	11	0	
5	9	13	14	
-----
LEFT
-----
4	8	12	15	
3	6	10	2	
1	7	0	11	
5	9	13	14	
-----
-----
4	8	12	15	
3	6	10	2	
1	0	7	11	
5	9	13	14	
-----
UP
-----
4	8	12	15	
3	0	10	2	
1	6	7	11	
5	9	13	14	
-----
RIGHT
-----
4	8	12	15	
3	10	0	2	
1	6	7	11	
5	9	13	14	
-----
DOWN
-----
4	8	12	15	
3	10	7	2	
1	6	0	11	
5	9	13	14	
-----
LEFT
-----
4	8	12	15	
3	10	7	2	
1	0	6	11	
5	9	13	14	
-----
UP
-----
4	8	12	15	
3	0	7	2	
1	10	6	11	
5	9	13	14	
-----
RIGHT
-----
4	8	12	15	
3	7	0	2	
1	10	6	11	
5	9	13	14	
-----
RIGHT
-----
4	8	12	15	
3	7	2	0	
1	10	6	11	
5	9	13	14	
-----
DOWN
-----
4	8	12	15	
3	7	2	11	
1	10	6	0	
5	9	13	14	
-----
DOWN
-----
4	8	12	15	
3	7	2	11	
1	10	6	14	
5	9	13	0	
-----
LEFT
-----
4	8	12	15	
3	7	2	11	
1	10	6	14	
5	9	0	13	
-----
UP
-----
4	8	12	15	
3	7	2	11	
1	10	0	14	
5	9	6	13	
-----
LEFT
-----
4	8	12	15	
3	7	2	11	
1	0	10	14	
5	9	6	13	
-----
UP
-----
4	8	12	15	
3	0	2	11	
1	7	10	14	
5	9	6	13	
-----
RIGHT
-----
4	8	12	15	
3	2	0	11	
1	7	10	14	
5	9	6	13	
-----
RIGHT
-----
4	8	12	15	
3	2	11	0	
1	7	10	14	
5	9	6	13	
-----
DOWN
-----
4	8	12	15	
3	2	11	14	
1	7	10	0	
5	9	6	13	
-----
LEFT
-----
4	8	12	15	
3	2	11	14	
1	7	0	10	
5	9	6	13	
-----
LEFT
-----
4	8	12	15	
3	2	11	14	
1	0	7	10	
5	9	6	13	
-----
UP
-----
4	8	12	15	
3	0	11	14	
1	2	7	10	
5	9	6	13	
-----
RIGHT
-----
4	8	12	15	
3	11	0	14	
1	2	7	10	
5	9	6	13	
-----
DOWN
-----
4	8	12	15	
3	11	7	14	
1	2	0	10	
5	9	6	13	
-----
DOWN
-----
4	8	12	15	
3	11	7	14	
1	2	6	10	
5	9	0	13	
-----
RIGHT
-----
4	8	12	15	
3	11	7	14	
1	2	6	10	
5	9	13	0	
-----
UP
-----
4	8	12	15	
3	11	7	14	
1	2	6	0	
5	9	13	10	
-----
UP
-----
4	8	12	15	
3	11	7	0	
1	2	6	14	
5	9	13	10	
-----
UP
-----
4	8	12	0	
3	11	7	15	
1	2	6	14	
5	9	13	10	
-----
LEFT
-----
4	8	0	12	
3	11	7	15	
1	2	6	14	
5	9	13	10	
-----
DOWN
-----
4	8	7	12	
3	11	0	15	
1	2	6	14	
5	9	13	10	
-----
LEFT
-----
4	8	7	12	
3	0	11	15	
1	2	6	14	
5	9	13	10	
-----
DOWN
-----
4	8	7	12	
3	2	11	15	
1	0	6	14	
5	9	13	10	
-----
RIGHT
-----
4	8	7	12	
3	2	11	15	
1	6	0	14	
5	9	13	10	
-----
UP
-----
4	8	7	12	
3	2	0	15	
1	6	11	14	
5	9	13	10	
-----
UP
-----
4	8	0	12	
3	2	7	15	
1	6	11	14	
5	9	13	10	
-----
LEFT
-----
4	0	8	12	
3	2	7	15	
1	6	11	14	
5	9	13	10	
-----
LEFT
-----
0	4	8	12	
3	2	7	15	
1	6	11	14	
5	9	13	10	
-----
DOWN
-----
3	4	8	12	
0	2	7	15	
1	6	11	14	
5	9	13	10	
-----
DOWN
-----
3	4	8	12	
1	2	7	15	
0	6	11	14	
5	9	13	10	
-----
DOWN
-----
3	4	8	12	
1	2	7	15	
5	6	11	14	
0	9	13	10	
-----
RIGHT
-----
3	4	8	12	
1	2	7	15	
5	6	11	14	
9	0	13	10	
-----
RIGHT
-----
3	4	8	12	
1	2	7	15	
5	6	11	14	
9	13	0	10	
-----
RIGHT
-----
3	4	8	12	
1	2	7	15	
5	6	11	14	
9	13	10	0	
-----
UP
-----
3	4	8	12	
1	2	7	15	
5	6	11	0	
9	13	10	14	
-----
UP
-----
3	4	8	12	
1	2	7	0	
5	6	11	15	
9	13	10	14	
-----
UP
-----
3	4	8	0	
1	2	7	12	
5	6	11	15	
9	13	10	14	
-----
LEFT
-----
3	4	0	8	
1	2	7	12	
5	6	11	15	
9	13	10	14	
-----
LEFT
-----
3	0	4	8	
1	2	7	12	
5	6	11	15	
9	13	10	14	
-----
LEFT
-----
0	3	4	8	
1	2	7	12	
5	6	11	15	
9	13	10	14	
-----
DOWN
-----
1	3	4	8	
0	2	7	12	
5	6	11	15	
9	13	10	14	
-----
DOWN
-----
1	3	4	8	
5	2	7	12	
0	6	11	15	
9	13	10	14	
-----
DOWN
-----
1	3	4	8	
5	2	7	12	
9	6	11	15	
0	13	10	14	
-----
RIGHT
-----
1	3	4	8	
5	2	7	12	
9	6	11	15	
13	0	10	14	
-----
RIGHT
-----
1	3	4	8	
5	2	7	12	
9	6	11	15	
13	10	0	14	
-----
RIGHT
-----
1	3	4	8	
5	2	7	12	
9	6	11	15	
13	10	14	0	
-----
UP
-----
1	3	4	8	
5	2	7	12	
9	6	11	0	
13	10	14	15	
-----
UP
-----
1	3	4	8	
5	2	7	0	
9	6	11	12	
13	10	14	15	
-----
UP
-----
1	3	4	0	
5	2	7	8	
9	6	11	12	
13	10	14	15	
-----
LEFT
-----
1	3	0	4	
5	2	7	8	
9	6	11	12	
13	10	14	15	
-----
LEFT
-----
1	0	3	4	
5	2	7	8	
9	6	11	12	
13	10	14	15	
-----
DOWN
-----
1	2	3	4	
5	0	7	8	
9	6	11	12	
13	10	14	15	
-----
DOWN
-----
1	2	3	4	
5	6	7	8	
9	0	11	12	
13	10	14	15	
-----
DOWN
-----
1	2	3	4	
5	6	7	8	
9	10	11	12	
13	0	14	15	
-----
RIGHT
-----
1	2	3	4	
5	6	7	8	
9	10	11	12	
13	14	0	15	
-----
RIGHT
-----
1	2	3	4	
5	6	7	8	
9	10	11	12	
13	14	15	0	
-----
END
Number of nodes generated: 1827
Length of solution path: 122
