**************
Input 1
**************
START
-----
1	2	0	3	
6	7	11	4	
5	9	12	8	
13	10	14	15	
-----
RIGHT
-----
1	2	3	0	
6	7	11	4	
5	9	12	8	
13	10	14	15	
-----
DOWN
-----
1	2	3	4	
6	7	11	0	
5	9	12	8	
13	10	14	15	
-----
DOWN
-----
1	2	3	4	
6	7	11	8	
5	9	12	0	
13	10	14	15	
-----
LEFT
-----
1	2	3	4	
6	7	11	8	
5	9	0	12	
13	10	14	15	
-----
UP
-----
1	2	3	4	
6	7	0	8	
5	9	11	12	
13	10	14	15	
-----
LEFT
-----
1	2	3	4	
6	0	7	8	
5	9	11	12	
13	10	14	15	
-----
LEFT
-----
1	2	3	4	
0	6	7	8	
5	9	11	12	
13	10	14	15	
-----
DOWN
-----
1	2	3	4	
5	6	7	8	
0	9	11	12	
13	10	14	15	
-----
RIGHT
-----
1	2	3	4	
5	6	7	8	
9	0	11	12	
13	10	14	15	
-----
DOWN
-----
1	2	3	4	
5	6	7	8	
9	10	11	12	
13	0	14	15	
-----
RIGHT
-----
1	2	3	4	
5	6	7	8	
9	10	11	12	
13	14	0	15	
-----
RIGHT
-----
1	2	3	4	
5	6	7	8	
9	10	11	12	
13	14	15	0	
-----
END
Number of nodes generated: 40
Length of solution path: 12
**************
Input 2
**************
START
-----
1	2	3	4	
12	13	14	5	
11	0	15	6	
10	9	8	7	
-----
UP
-----
1	2	3	4	
12	0	14	5	
11	13	15	6	
10	9	8	7	
-----
RIGHT
-----
1	2	3	4	
12	14	0	5	
11	13	15	6	
10	9	8	7	
-----
RIGHT
-----
1	2	3	4	
12	14	5	0	
11	13	15	6	
10	9	8	7	
-----
DOWN
-----
1	2	3	4	
12	14	5	6	
11	13	15	0	
10	9	8	7	
-----
DOWN
-----
1	2	3	4	
12	14	5	6	
11	13	15	7	
10	9	8	0	
-----
LEFT
-----
1	2	3	4	
12	14	5	6	
11	13	15	7	
10	9	0	8	
-----
UP
-----
1	2	3	4	
12	14	5	6	
11	13	0	7	
10	9	15	8	
-----
LEFT
-----
1	2	3	4	
12	14	5	6	
11	0	13	7	
10	9	15	8	
-----
UP
-----
1	2	3	4	
12	0	5	6	
11	14	13	7	
10	9	15	8	
-----
RIGHT
-----
1	2	3	4	
12	5	0	6	
11	14	13	7	
10	9	15	8	
-----
RIGHT
-----
1	2	3	4	
12	5	6	0	
11	14	13	7	
10	9	15	8	
-----
DOWN
-----
1	2	3	4	
12	5	6	7	
11	14	13	0	
10	9	15	8	
-----
DOWN
-----
1	2	3	4	
12	5	6	7	
11	14	13	8	
10	9	15	0	
-----
LEFT
-----
1	2	3	4	
12	5	6	7	
11	14	13	8	
10	9	0	15	
-----
UP
-----
1	2	3	4	
12	5	6	7	
11	14	0	8	
10	9	13	15	
-----
LEFT
-----
1	2	3	4	
12	5	6	7	
11	0	14	8	
10	9	13	15	
-----
RIGHT
-----
1	2	3	4	
12	5	6	7	
11	14	0	8	
10	9	13	15	
-----
LEFT
-----
1	2	3	4	
12	5	6	7	
11	0	14	8	
10	9	13	15	
-----
LEFT
-----
1	2	3	4	
12	5	6	7	
0	11	14	8	
10	9	13	15	
-----
UP
-----
1	2	3	4	
0	5	6	7	
12	11	14	8	
10	9	13	15	
-----
RIGHT
-----
1	2	3	4	
5	0	6	7	
12	11	14	8	
10	9	13	15	
-----
DOWN
-----
1	2	3	4	
5	11	6	7	
12	0	14	8	
10	9	13	15	
-----
LEFT
-----
1	2	3	4	
5	11	6	7	
0	12	14	8	
10	9	13	15	
-----
DOWN
-----
1	2	3	4	
5	11	6	7	
10	12	14	8	
0	9	13	15	
-----
RIGHT
-----
1	2	3	4	
5	11	6	7	
10	12	14	8	
9	0	13	15	
-----
RIGHT
-----
1	2	3	4	
5	11	6	7	
10	12	14	8	
9	13	0	15	
-----
UP
-----
1	2	3	4	
5	11	6	7	
10	12	0	8	
9	13	14	15	
-----
LEFT
-----
1	2	3	4	
5	11	6	7	
10	0	12	8	
9	13	14	15	
-----
UP
-----
1	2	3	4	
5	0	6	7	
10	11	12	8	
9	13	14	15	
-----
RIGHT
-----
1	2	3	4	
5	6	0	7	
10	11	12	8	
9	13	14	15	
-----
RIGHT
-----
1	2	3	4	
5	6	7	0	
10	11	12	8	
9	13	14	15	
-----
DOWN
-----
1	2	3	4	
5	6	7	8	
10	11	12	0	
9	13	14	15	
-----
LEFT
-----
1	2	3	4	
5	6	7	8	
10	11	0	12	
9	13	14	15	
-----
LEFT
-----
1	2	3	4	
5	6	7	8	
10	0	11	12	
9	13	14	15	
-----
LEFT
-----
1	2	3	4	
5	6	7	8	
0	10	11	12	
9	13	14	15	
-----
DOWN
-----
1	2	3	4	
5	6	7	8	
9	10	11	12	
0	13	14	15	
-----
RIGHT
-----
1	2	3	4	
5	6	7	8	
9	10	11	12	
13	0	14	15	
-----
RIGHT
-----
1	2	3	4	
5	6	7	8	
9	10	11	12	
13	14	0	15	
-----
RIGHT
-----
1	2	3	4	
5	6	7	8	
9	10	11	12	
13	14	15	0	
-----
END
Number of nodes generated: 53634
Length of solution path: 39
**************
Input 3
**************
START
-----
0	15	14	13	
12	11	10	9	
8	7	6	5	
4	3	2	1	
-----
RIGHT
-----
15	0	14	13	
12	11	10	9	
8	7	6	5	
4	3	2	1	
-----
RIGHT
-----
15	14	0	13	
12	11	10	9	
8	7	6	5	
4	3	2	1	
-----
DOWN
-----
15	14	10	13	
12	11	0	9	
8	7	6	5	
4	3	2	1	
-----
RIGHT
-----
15	14	10	13	
12	11	9	0	
8	7	6	5	
4	3	2	1	
-----
DOWN
-----
15	14	10	13	
12	11	9	5	
8	7	6	0	
4	3	2	1	
-----
LEFT
-----
15	14	10	13	
12	11	9	5	
8	7	0	6	
4	3	2	1	
-----
DOWN
-----
15	14	10	13	
12	11	9	5	
8	7	2	6	
4	3	0	1	
-----
RIGHT
-----
15	14	10	13	
12	11	9	5	
8	7	2	6	
4	3	1	0	
-----
LEFT
-----
15	14	10	13	
12	11	9	5	
8	7	2	6	
4	3	0	1	
-----
LEFT
-----
15	14	10	13	
12	11	9	5	
8	7	2	6	
4	0	3	1	
-----
LEFT
-----
15	14	10	13	
12	11	9	5	
8	7	2	6	
0	4	3	1	
-----
UP
-----
15	14	10	13	
12	11	9	5	
0	7	2	6	
8	4	3	1	
-----
UP
-----
15	14	10	13	
0	11	9	5	
12	7	2	6	
8	4	3	1	
-----
RIGHT
-----
15	14	10	13	
11	0	9	5	
12	7	2	6	
8	4	3	1	
-----
RIGHT
-----
15	14	10	13	
11	9	0	5	
12	7	2	6	
8	4	3	1	
-----
DOWN
-----
15	14	10	13	
11	9	2	5	
12	7	0	6	
8	4	3	1	
-----
LEFT
-----
15	14	10	13	
11	9	2	5	
12	0	7	6	
8	4	3	1	
-----
DOWN
-----
15	14	10	13	
11	9	2	5	
12	4	7	6	
8	0	3	1	
-----
LEFT
-----
15	14	10	13	
11	9	2	5	
12	4	7	6	
0	8	3	1	
-----
UP
-----
15	14	10	13	
11	9	2	5	
0	4	7	6	
12	8	3	1	
-----
UP
-----
15	14	10	13	
0	9	2	5	
11	4	7	6	
12	8	3	1	
-----
UP
-----
0	14	10	13	
15	9	2	5	
11	4	7	6	
12	8	3	1	
-----
RIGHT
-----
14	0	10	13	
15	9	2	5	
11	4	7	6	
12	8	3	1	
-----
RIGHT
-----
14	10	0	13	
15	9	2	5	
11	4	7	6	
12	8	3	1	
-----
DOWN
-----
14	10	2	13	
15	9	0	5	
11	4	7	6	
12	8	3	1	
-----
RIGHT
-----
14	10	2	13	
15	9	5	0	
11	4	7	6	
12	8	3	1	
-----
DOWN
-----
14	10	2	13	
15	9	5	6	
11	4	7	0	
12	8	3	1	
-----
LEFT
-----
14	10	2	13	
15	9	5	6	
11	4	0	7	
12	8	3	1	
-----
DOWN
-----
14	10	2	13	
15	9	5	6	
11	4	3	7	
12	8	0	1	
-----
LEFT
-----
14	10	2	13	
15	9	5	6	
11	4	3	7	
12	0	8	1	
-----
LEFT
-----
14	10	2	13	
15	9	5	6	
11	4	3	7	
0	12	8	1	
-----
UP
-----
14	10	2	13	
15	9	5	6	
0	4	3	7	
11	12	8	1	
-----
UP
-----
14	10	2	13	
0	9	5	6	
15	4	3	7	
11	12	8	1	
-----
UP
-----
0	10	2	13	
14	9	5	6	
15	4	3	7	
11	12	8	1	
-----
RIGHT
-----
10	0	2	13	
14	9	5	6	
15	4	3	7	
11	12	8	1	
-----
DOWN
-----
10	9	2	13	
14	0	5	6	
15	4	3	7	
11	12	8	1	
-----
DOWN
-----
10	9	2	13	
14	4	5	6	
15	0	3	7	
11	12	8	1	
-----
LEFT
-----
10	9	2	13	
14	4	5	6	
0	15	3	7	
11	12	8	1	
-----
UP
-----
10	9	2	13	
0	4	5	6	
14	15	3	7	
11	12	8	1	
-----
UP
-----
0	9	2	13	
10	4	5	6	
14	15	3	7	
11	12	8	1	
-----
RIGHT
-----
9	0	2	13	
10	4	5	6	
14	15	3	7	
11	12	8	1	
-----
RIGHT
-----
9	2	0	13	
10	4	5	6	
14	15	3	7	
11	12	8	1	
-----
DOWN
-----
9	2	5	13	
10	4	0	6	
14	15	3	7	
11	12	8	1	
-----
RIGHT
-----
9	2	5	13	
10	4	6	0	
14	15	3	7	
11	12	8	1	
-----
DOWN
-----
9	2	5	13	
10	4	6	7	
14	15	3	0	
11	12	8	1	
-----
DOWN
-----
9	2	5	13	
10	4	6	7	
14	15	3	1	
11	12	8	0	
-----
LEFT
-----
9	2	5	13	
10	4	6	7	
14	15	3	1	
11	12	0	8	
-----
UP
-----
9	2	5	13	
10	4	6	7	
14	15	0	1	
11	12	3	8	
-----
DOWN
-----
9	2	5	13	
10	4	6	7	
14	15	3	1	
11	12	0	8	
-----
UP
-----
9	2	5	13	
10	4	6	7	
14	15	0	1	
11	12	3	8	
-----
RIGHT
-----
9	2	5	13	
10	4	6	7	
14	15	1	0	
11	12	3	8	
-----
UP
-----
9	2	5	13	
10	4	6	0	
14	15	1	7	
11	12	3	8	
-----
UP
-----
9	2	5	0	
10	4	6	13	
14	15	1	7	
11	12	3	8	
-----
LEFT
-----
9	2	0	5	
10	4	6	13	
14	15	1	7	
11	12	3	8	
-----
DOWN
-----
9	2	6	5	
10	4	0	13	
14	15	1	7	
11	12	3	8	
-----
RIGHT
-----
9	2	6	5	
10	4	13	0	
14	15	1	7	
11	12	3	8	
-----
UP
-----
9	2	6	0	
10	4	13	5	
14	15	1	7	
11	12	3	8	
-----
DOWN
-----
9	2	6	5	
10	4	13	0	
14	15	1	7	
11	12	3	8	
-----
DOWN
-----
9	2	6	5	
10	4	13	7	
14	15	1	0	
11	12	3	8	
-----
LEFT
-----
9	2	6	5	
10	4	13	7	
14	15	0	1	
11	12	3	8	
-----
UP
-----
9	2	6	5	
10	4	0	7	
14	15	13	1	
11	12	3	8	
-----
LEFT
-----
9	2	6	5	
10	0	4	7	
14	15	13	1	
11	12	3	8	
-----
DOWN
-----
9	2	6	5	
10	15	4	7	
14	0	13	1	
11	12	3	8	
-----
RIGHT
-----
9	2	6	5	
10	15	4	7	
14	13	0	1	
11	12	3	8	
-----
RIGHT
-----
9	2	6	5	
10	15	4	7	
14	13	1	0	
11	12	3	8	
-----
UP
-----
9	2	6	5	
10	15	4	0	
14	13	1	7	
11	12	3	8	
-----
UP
-----
9	2	6	0	
10	15	4	5	
14	13	1	7	
11	12	3	8	
-----
LEFT
-----
9	2	0	6	
10	15	4	5	
14	13	1	7	
11	12	3	8	
-----
DOWN
-----
9	2	4	6	
10	15	0	5	
14	13	1	7	
11	12	3	8	
-----
DOWN
-----
9	2	4	6	
10	15	1	5	
14	13	0	7	
11	12	3	8	
-----
DOWN
-----
9	2	4	6	
10	15	1	5	
14	13	3	7	
11	12	0	8	
-----
LEFT
-----
9	2	4	6	
10	15	1	5	
14	13	3	7	
11	0	12	8	
-----
UP
-----
9	2	4	6	
10	15	1	5	
14	0	3	7	
11	13	12	8	
-----
LEFT
-----
9	2	4	6	
10	15	1	5	
0	14	3	7	
11	13	12	8	
-----
DOWN
-----
9	2	4	6	
10	15	1	5	
11	14	3	7	
0	13	12	8	
-----
RIGHT
-----
9	2	4	6	
10	15	1	5	
11	14	3	7	
13	0	12	8	
-----
UP
-----
9	2	4	6	
10	15	1	5	
11	0	3	7	
13	14	12	8	
-----
UP
-----
9	2	4	6	
10	0	1	5	
11	15	3	7	
13	14	12	8	
-----
RIGHT
-----
9	2	4	6	
10	1	0	5	
11	15	3	7	
13	14	12	8	
-----
RIGHT
-----
9	2	4	6	
10	1	5	0	
11	15	3	7	
13	14	12	8	
-----
UP
-----
9	2	4	0	
10	1	5	6	
11	15	3	7	
13	14	12	8	
-----
LEFT
-----
9	2	0	4	
10	1	5	6	
11	15	3	7	
13	14	12	8	
-----
LEFT
-----
9	0	2	4	
10	1	5	6	
11	15	3	7	
13	14	12	8	
-----
DOWN
-----
9	1	2	4	
10	0	5	6	
11	15	3	7	
13	14	12	8	
-----
RIGHT
-----
9	1	2	4	
10	5	0	6	
11	15	3	7	
13	14	12	8	
-----
DOWN
-----
9	1	2	4	
10	5	3	6	
11	15	0	7	
13	14	12	8	
-----
LEFT
-----
9	1	2	4	
10	5	3	6	
11	0	15	7	
13	14	12	8	
-----
LEFT
-----
9	1	2	4	
10	5	3	6	
0	11	15	7	
13	14	12	8	
-----
UP
-----
9	1	2	4	
0	5	3	6	
10	11	15	7	
13	14	12	8	
-----
UP
-----
0	1	2	4	
9	5	3	6	
10	11	15	7	
13	14	12	8	
-----
RIGHT
-----
1	0	2	4	
9	5	3	6	
10	11	15	7	
13	14	12	8	
-----
DOWN
-----
1	5	2	4	
9	0	3	6	
10	11	15	7	
13	14	12	8	
-----
UP
-----
1	0	2	4	
9	5	3	6	
10	11	15	7	
13	14	12	8	
-----
RIGHT
-----
1	2	0	4	
9	5	3	6	
10	11	15	7	
13	14	12	8	
-----
DOWN
-----
1	2	3	4	
9	5	0	6	
10	11	15	7	
13	14	12	8	
-----
RIGHT
-----
1	2	3	4	
9	5	6	0	
10	11	15	7	
13	14	12	8	
-----
DOWN
-----
1	2	3	4	
9	5	6	7	
10	11	15	0	
13	14	12	8	
-----
DOWN
-----
1	2	3	4	
9	5	6	7	
10	11	15	8	
13	14	12	0	
-----
LEFT
-----
1	2	3	4	
9	5	6	7	
10	11	15	8	
13	14	0	12	
-----
UP
-----
1	2	3	4	
9	5	6	7	
10	11	0	8	
13	14	15	12	
-----
LEFT
-----
1	2	3	4	
9	5	6	7	
10	0	11	8	
13	14	15	12	
-----
LEFT
-----
1	2	3	4	
9	5	6	7	
0	10	11	8	
13	14	15	12	
-----
UP
-----
1	2	3	4	
0	5	6	7	
9	10	11	8	
13	14	15	12	
-----
RIGHT
-----
1	2	3	4	
5	0	6	7	
9	10	11	8	
13	14	15	12	
-----
RIGHT
-----
1	2	3	4	
5	6	0	7	
9	10	11	8	
13	14	15	12	
-----
RIGHT
-----
1	2	3	4	
5	6	7	0	
9	10	11	8	
13	14	15	12	
-----
DOWN
-----
1	2	3	4	
5	6	7	8	
9	10	11	0	
13	14	15	12	
-----
DOWN
-----
1	2	3	4	
5	6	7	8	
9	10	11	12	
13	14	15	0	
-----
END
Number of nodes generated: 123901
Length of solution path: 108
