**************
**************
-----

1	2	0	3	
6	7	11	4	
5	9	12	8	
13	10	14	15	
-----
-----

1	2	3	0	
6	7	11	4	
5	9	12	8	
13	10	14	15	
-----
-----

1	2	3	4	
6	7	11	0	
5	9	12	8	
13	10	14	15	
-----
-----

1	2	3	4	
6	7	11	8	
5	9	12	0	
13	10	14	15	
-----
-----

1	2	3	4	
6	7	11	8	
5	9	0	12	
13	10	14	15	
-----
-----

1	2	3	4	
6	7	0	8	
5	9	11	12	
13	10	14	15	
-----
-----

1	2	3	4	
6	0	7	8	
5	9	11	12	
13	10	14	15	
-----
-----

1	2	3	4	
0	6	7	8	
5	9	11	12	
13	10	14	15	
-----
-----

1	2	3	4	
5	6	7	8	
0	9	11	12	
13	10	14	15	
-----
-----

1	2	3	4	
5	6	7	8	
9	0	11	12	
13	10	14	15	
-----
-----

1	2	3	4	
5	6	7	8	
9	10	11	12	
13	0	14	15	
-----
-----

1	2	3	4	
5	6	7	8	
9	10	11	12	
13	14	0	15	
-----
-----

1	2	3	4	
5	6	7	8	
9	10	11	12	
13	14	15	0	
-----
Length of solution path: 12
**************
**************
-----

1	2	3	4	
12	13	14	5	
11	0	15	6	
10	9	8	7	
-----
-----

1	2	3	4	
12	0	14	5	
11	13	15	6	
10	9	8	7	
-----
-----

1	2	3	4	
12	14	0	5	
11	13	15	6	
10	9	8	7	
-----
-----

1	2	3	4	
12	14	5	0	
11	13	15	6	
10	9	8	7	
-----
-----

1	2	3	4	
12	14	5	6	
11	13	15	0	
10	9	8	7	
-----
-----

1	2	3	4	
12	14	5	6	
11	13	15	7	
10	9	8	0	
-----
-----

1	2	3	4	
12	14	5	6	
11	13	15	7	
10	9	0	8	
-----
-----

1	2	3	4	
12	14	5	6	
11	13	0	7	
10	9	15	8	
-----
-----

1	2	3	4	
12	14	5	6	
11	13	7	0	
10	9	15	8	
-----
-----

1	2	3	4	
12	14	5	6	
11	13	7	8	
10	9	15	0	
-----
-----

1	2	3	4	
12	14	5	6	
11	13	7	8	
10	9	0	15	
-----
-----

1	2	3	4	
12	14	5	6	
11	13	7	8	
10	0	9	15	
-----
-----

1	2	3	4	
12	14	5	6	
11	0	7	8	
10	13	9	15	
-----
-----

1	2	3	4	
12	0	5	6	
11	14	7	8	
10	13	9	15	
-----
-----

1	2	3	4	
12	5	0	6	
11	14	7	8	
10	13	9	15	
-----
-----

1	2	3	4	
12	5	6	0	
11	14	7	8	
10	13	9	15	
-----
-----

1	2	3	4	
12	5	6	8	
11	14	7	0	
10	13	9	15	
-----
-----

1	2	3	4	
12	5	6	8	
11	14	0	7	
10	13	9	15	
-----
-----

1	2	3	4	
12	5	6	8	
11	0	14	7	
10	13	9	15	
-----
-----

1	2	3	4	
12	5	6	8	
0	11	14	7	
10	13	9	15	
-----
-----

1	2	3	4	
12	5	6	8	
10	11	14	7	
0	13	9	15	
-----
-----

1	2	3	4	
12	5	6	8	
10	11	14	7	
13	0	9	15	
-----
-----

1	2	3	4	
12	5	6	8	
10	11	14	7	
13	9	0	15	
-----
-----

1	2	3	4	
12	5	6	8	
10	11	0	7	
13	9	14	15	
-----
-----

1	2	3	4	
12	5	6	8	
10	0	11	7	
13	9	14	15	
-----
-----

1	2	3	4	
12	0	6	8	
10	5	11	7	
13	9	14	15	
-----
-----

1	2	3	4	
0	12	6	8	
10	5	11	7	
13	9	14	15	
-----
-----

1	2	3	4	
10	12	6	8	
0	5	11	7	
13	9	14	15	
-----
-----

1	2	3	4	
10	12	6	8	
5	0	11	7	
13	9	14	15	
-----
-----

1	2	3	4	
10	12	6	8	
5	9	11	7	
13	0	14	15	
-----
-----

1	2	3	4	
10	12	6	8	
5	9	11	7	
13	14	0	15	
-----
-----

1	2	3	4	
10	12	6	8	
5	9	0	7	
13	14	11	15	
-----
-----

1	2	3	4	
10	12	0	8	
5	9	6	7	
13	14	11	15	
-----
-----

1	2	3	4	
10	0	12	8	
5	9	6	7	
13	14	11	15	
-----
-----

1	2	3	4	
0	10	12	8	
5	9	6	7	
13	14	11	15	
-----
-----

1	2	3	4	
5	10	12	8	
0	9	6	7	
13	14	11	15	
-----
-----

1	2	3	4	
5	10	12	8	
9	0	6	7	
13	14	11	15	
-----
-----

1	2	3	4	
5	10	12	8	
9	6	0	7	
13	14	11	15	
-----
-----

1	2	3	4	
5	10	0	8	
9	6	12	7	
13	14	11	15	
-----
-----

1	2	3	4	
5	0	10	8	
9	6	12	7	
13	14	11	15	
-----
-----

1	2	3	4	
5	6	10	8	
9	0	12	7	
13	14	11	15	
-----
-----

1	2	3	4	
5	6	10	8	
9	12	0	7	
13	14	11	15	
-----
-----

1	2	3	4	
5	6	10	8	
9	12	7	0	
13	14	11	15	
-----
-----

1	2	3	4	
5	6	10	0	
9	12	7	8	
13	14	11	15	
-----
-----

1	2	3	4	
5	6	0	10	
9	12	7	8	
13	14	11	15	
-----
-----

1	2	3	4	
5	6	7	10	
9	12	0	8	
13	14	11	15	
-----
-----

1	2	3	4	
5	6	7	10	
9	0	12	8	
13	14	11	15	
-----
-----

1	2	3	4	
5	0	7	10	
9	6	12	8	
13	14	11	15	
-----
-----

1	2	3	4	
5	7	0	10	
9	6	12	8	
13	14	11	15	
-----
-----

1	2	3	4	
5	7	10	0	
9	6	12	8	
13	14	11	15	
-----
-----

1	2	3	4	
5	7	10	8	
9	6	12	0	
13	14	11	15	
-----
-----

1	2	3	4	
5	7	10	8	
9	6	0	12	
13	14	11	15	
-----
-----

1	2	3	4	
5	7	0	8	
9	6	10	12	
13	14	11	15	
-----
-----

1	2	3	4	
5	0	7	8	
9	6	10	12	
13	14	11	15	
-----
-----

1	2	3	4	
5	6	7	8	
9	0	10	12	
13	14	11	15	
-----
-----

1	2	3	4	
5	6	7	8	
9	10	0	12	
13	14	11	15	
-----
-----

1	2	3	4	
5	6	7	8	
9	10	11	12	
13	14	0	15	
-----
-----

1	2	3	4	
5	6	7	8	
9	10	11	12	
13	14	15	0	
-----
Length of solution path: 57
**************
**************
-----

0	15	14	13	
12	11	10	9	
8	7	6	5	
4	3	2	1	
-----
-----

12	15	14	13	
0	11	10	9	
8	7	6	5	
4	3	2	1	
-----
-----

12	15	14	13	
8	11	10	9	
0	7	6	5	
4	3	2	1	
-----
-----

12	15	14	13	
8	11	10	9	
4	7	6	5	
0	3	2	1	
-----
-----

12	15	14	13	
8	11	10	9	
4	7	6	5	
3	0	2	1	
-----
-----

12	15	14	13	
8	11	10	9	
4	7	6	5	
3	2	0	1	
-----
-----

12	15	14	13	
8	11	10	9	
4	7	6	5	
3	2	1	0	
-----
-----

12	15	14	13	
8	11	10	9	
4	7	6	0	
3	2	1	5	
-----
-----

12	15	14	13	
8	11	10	0	
4	7	6	9	
3	2	1	5	
-----
-----

12	15	14	0	
8	11	10	13	
4	7	6	9	
3	2	1	5	
-----
-----

12	15	0	14	
8	11	10	13	
4	7	6	9	
3	2	1	5	
-----
-----

12	0	15	14	
8	11	10	13	
4	7	6	9	
3	2	1	5	
-----
-----

0	12	15	14	
8	11	10	13	
4	7	6	9	
3	2	1	5	
-----
-----

8	12	15	14	
0	11	10	13	
4	7	6	9	
3	2	1	5	
-----
-----

8	12	15	14	
4	11	10	13	
0	7	6	9	
3	2	1	5	
-----
-----

8	12	15	14	
4	11	10	13	
3	7	6	9	
0	2	1	5	
-----
-----

8	12	15	14	
4	11	10	13	
3	7	6	9	
2	0	1	5	
-----
-----

8	12	15	14	
4	11	10	13	
3	7	6	9	
2	1	0	5	
-----
-----

8	12	15	14	
4	11	10	13	
3	7	6	9	
2	1	5	0	
-----
-----

8	12	15	14	
4	11	10	13	
3	7	6	0	
2	1	5	9	
-----
-----

8	12	15	14	
4	11	10	0	
3	7	6	13	
2	1	5	9	
-----
-----

8	12	15	0	
4	11	10	14	
3	7	6	13	
2	1	5	9	
-----
-----

8	12	0	15	
4	11	10	14	
3	7	6	13	
2	1	5	9	
-----
-----

8	0	12	15	
4	11	10	14	
3	7	6	13	
2	1	5	9	
-----
-----

0	8	12	15	
4	11	10	14	
3	7	6	13	
2	1	5	9	
-----
-----

4	8	12	15	
0	11	10	14	
3	7	6	13	
2	1	5	9	
-----
-----

4	8	12	15	
3	11	10	14	
0	7	6	13	
2	1	5	9	
-----
-----

4	8	12	15	
3	11	10	14	
2	7	6	13	
0	1	5	9	
-----
-----

4	8	12	15	
3	11	10	14	
2	7	6	13	
1	0	5	9	
-----
-----

4	8	12	15	
3	11	10	14	
2	7	6	13	
1	5	0	9	
-----
-----

4	8	12	15	
3	11	10	14	
2	7	6	13	
1	5	9	0	
-----
-----

4	8	12	15	
3	11	10	14	
2	7	6	0	
1	5	9	13	
-----
-----

4	8	12	15	
3	11	10	0	
2	7	6	14	
1	5	9	13	
-----
-----

4	8	12	0	
3	11	10	15	
2	7	6	14	
1	5	9	13	
-----
-----

4	8	0	12	
3	11	10	15	
2	7	6	14	
1	5	9	13	
-----
-----

4	0	8	12	
3	11	10	15	
2	7	6	14	
1	5	9	13	
-----
-----

0	4	8	12	
3	11	10	15	
2	7	6	14	
1	5	9	13	
-----
-----

3	4	8	12	
0	11	10	15	
2	7	6	14	
1	5	9	13	
-----
-----

3	4	8	12	
2	11	10	15	
0	7	6	14	
1	5	9	13	
-----
-----

3	4	8	12	
2	11	10	15	
1	7	6	14	
0	5	9	13	
-----
-----

3	4	8	12	
2	11	10	15	
1	7	6	14	
5	0	9	13	
-----
-----

3	4	8	12	
2	11	10	15	
1	7	6	14	
5	9	0	13	
-----
-----

3	4	8	12	
2	11	10	15	
1	7	6	14	
5	9	13	0	
-----
-----

3	4	8	12	
2	11	10	15	
1	7	6	0	
5	9	13	14	
-----
-----

3	4	8	12	
2	11	10	0	
1	7	6	15	
5	9	13	14	
-----
-----

3	4	8	0	
2	11	10	12	
1	7	6	15	
5	9	13	14	
-----
-----

3	4	0	8	
2	11	10	12	
1	7	6	15	
5	9	13	14	
-----
-----

3	0	4	8	
2	11	10	12	
1	7	6	15	
5	9	13	14	
-----
-----

0	3	4	8	
2	11	10	12	
1	7	6	15	
5	9	13	14	
-----
-----

2	3	4	8	
0	11	10	12	
1	7	6	15	
5	9	13	14	
-----
-----

2	3	4	8	
1	11	10	12	
0	7	6	15	
5	9	13	14	
-----
-----

2	3	4	8	
1	11	10	12	
5	7	6	15	
0	9	13	14	
-----
-----

2	3	4	8	
1	11	10	12	
5	7	6	15	
9	0	13	14	
-----
-----

2	3	4	8	
1	11	10	12	
5	7	6	15	
9	13	0	14	
-----
-----

2	3	4	8	
1	11	10	12	
5	7	6	15	
9	13	14	0	
-----
-----

2	3	4	8	
1	11	10	12	
5	7	6	0	
9	13	14	15	
-----
-----

2	3	4	8	
1	11	10	0	
5	7	6	12	
9	13	14	15	
-----
-----

2	3	4	0	
1	11	10	8	
5	7	6	12	
9	13	14	15	
-----
-----

2	3	0	4	
1	11	10	8	
5	7	6	12	
9	13	14	15	
-----
-----

2	0	3	4	
1	11	10	8	
5	7	6	12	
9	13	14	15	
-----
-----

0	2	3	4	
1	11	10	8	
5	7	6	12	
9	13	14	15	
-----
-----

1	2	3	4	
0	11	10	8	
5	7	6	12	
9	13	14	15	
-----
-----

1	2	3	4	
5	11	10	8	
0	7	6	12	
9	13	14	15	
-----
-----

1	2	3	4	
5	11	10	8	
9	7	6	12	
0	13	14	15	
-----
-----

1	2	3	4	
5	11	10	8	
9	7	6	12	
13	0	14	15	
-----
-----

1	2	3	4	
5	11	10	8	
9	7	6	12	
13	14	0	15	
-----
-----

1	2	3	4	
5	11	10	8	
9	7	0	12	
13	14	6	15	
-----
-----

1	2	3	4	
5	11	0	8	
9	7	10	12	
13	14	6	15	
-----
-----

1	2	3	4	
5	0	11	8	
9	7	10	12	
13	14	6	15	
-----
-----

1	2	3	4	
5	7	11	8	
9	0	10	12	
13	14	6	15	
-----
-----

1	2	3	4	
5	7	11	8	
9	10	0	12	
13	14	6	15	
-----
-----

1	2	3	4	
5	7	0	8	
9	10	11	12	
13	14	6	15	
-----
-----

1	2	3	4	
5	0	7	8	
9	10	11	12	
13	14	6	15	
-----
-----

1	2	3	4	
5	10	7	8	
9	0	11	12	
13	14	6	15	
-----
-----

1	2	3	4	
5	10	7	8	
9	11	0	12	
13	14	6	15	
-----
-----

1	2	3	4	
5	10	7	8	
9	11	6	12	
13	14	0	15	
-----
-----

1	2	3	4	
5	10	7	8	
9	11	6	12	
13	14	15	0	
-----
-----

1	2	3	4	
5	10	7	8	
9	11	6	0	
13	14	15	12	
-----
-----

1	2	3	4	
5	10	7	0	
9	11	6	8	
13	14	15	12	
-----
-----

1	2	3	4	
5	10	0	7	
9	11	6	8	
13	14	15	12	
-----
-----

1	2	3	4	
5	10	6	7	
9	11	0	8	
13	14	15	12	
-----
-----

1	2	3	4	
5	10	6	7	
9	0	11	8	
13	14	15	12	
-----
-----

1	2	3	4	
5	0	6	7	
9	10	11	8	
13	14	15	12	
-----
-----

1	2	3	4	
5	6	0	7	
9	10	11	8	
13	14	15	12	
-----
-----

1	2	3	4	
5	6	7	0	
9	10	11	8	
13	14	15	12	
-----
-----

1	2	3	4	
5	6	7	8	
9	10	11	0	
13	14	15	12	
-----
-----

1	2	3	4	
5	6	7	8	
9	10	11	12	
13	14	15	0	
-----
Length of solution path: 86
**************
**************
